gdata/img/002288.jpg 172,9,636,711,2
gdata/img/002289.jpg 256,175,714,470,2
gdata/img/002290.jpg 31,68,432,511,2 78,91,543,632,2 224,146,632,665,2 264,181,721,715,2
gdata/img/002291.jpg 32,128,706,608,2
gdata/img/002292.jpg 313,57,1263,1124,2 664,173,1716,1151,2
gdata/img/002293.jpg 142,23,207,535,2 206,28,257,537,2 264,21,316,530,2 321,26,382,531,2
gdata/img/002294.jpg 43,38,254,732,2 94,107,353,690,2 489,315,589,424,2 600,444,710,514,2 274,555,726,766,2
gdata/img/002295.jpg 26,19,778,381,2
gdata/img/002296.jpg 27,86,204,497,2 113,48,244,492,2 201,30,278,490,2 292,18,325,498,2 334,25,434,497,2
gdata/img/002297.jpg 71,21,385,547,2
gdata/img/002298.jpg 7,28,11,253,2 20,23,35,265,2 43,15,60,260,2 68,19,85,263,2 89,18,101,262,2 104,13,123,259,2 127,20,138,264,2 140,18,153,265,2 155,21,174,266,2 171,15,193,268,2 187,9,215,282,2 205,13,245,277,2 249,13,273,263,2 280,18,309,277,2
gdata/img/002299.jpg 245,273,537,374,2 251,140,548,247,2 249,385,538,476,2 239,495,533,589,2 248,619,536,694,2
gdata/img/002300.jpg 278,143,327,209,2
gdata/img/002301.jpg 61,169,570,314,2 69,18,552,125,2 20,313,635,508,2 20,519,626,674,2 17,709,641,854,2
gdata/img/002302.jpg 20,57,292,555,2 287,34,503,570,2 480,42,795,552,2
gdata/img/002303.jpg 201,16,373,593,2
gdata/img/002304.jpg 131,420,585,659,2 86,156,638,417,2
gdata/img/002305.jpg 33,49,753,592,2
gdata/img/002306.jpg 70,33,596,768,2
gdata/img/002307.jpg 292,183,764,494,2 50,54,277,339,2 43,426,344,719,2 579,493,998,696,2 629,7,983,361,2
gdata/img/002308.jpg 5,61,767,470,2
gdata/img/002309.jpg 62,89,101,148,2
gdata/img/002310.jpg 479,91,693,655,2
gdata/img/002311.jpg 47,143,1189,795,2
gdata/img/002312.jpg 317,332,797,785,2 555,131,1261,772,2
gdata/img/002313.jpg 46,69,94,128,2 61,62,134,107,2 76,24,136,68,2 55,3,98,57,2
gdata/img/002314.jpg 695,33,981,263,2
gdata/img/002315.jpg 147,100,292,607,2
gdata/img/002316.jpg
gdata/img/002317.jpg 76,293,356,532,2 405,107,661,451,2 702,105,799,436,2
gdata/img/002318.jpg
gdata/img/002319.jpg
gdata/img/002320.jpg 314,301,1579,723,2
gdata/img/002321.jpg
gdata/img/002322.jpg 171,167,1177,924,2
gdata/img/002323.jpg 514,114,799,378,2 511,45,583,286,2 169,40,354,272,2
gdata/img/002324.jpg 462,47,638,590,2 267,23,316,611,2 80,50,146,629,2
gdata/img/002325.jpg 278,53,482,272,2 494,171,541,501,2 587,169,669,486,2 243,188,283,528,2 153,165,211,521,2
gdata/img/002326.jpg 10,85,296,571,2 280,30,459,522,2 494,65,623,325,2 701,167,855,520,2 627,103,749,304,2
gdata/img/002327.jpg 265,39,460,581,2 483,43,610,549,2 664,104,806,562,2
gdata/img/002328.jpg 188,116,756,599,2
gdata/img/002329.jpg 7,39,50,127,2 26,22,54,87,2 47,12,71,75,2 74,13,95,138,2 107,15,144,117,2
gdata/img/002330.jpg 392,287,511,516,2 499,370,615,667,2
gdata/img/002331.jpg 233,110,368,460,2 382,104,545,469,2 890,26,1020,469,2 571,105,731,477,2 0,75,151,461,2
gdata/img/002332.jpg
gdata/img/002333.jpg 73,100,326,351,2 425,226,673,463,2
gdata/img/002334.jpg
gdata/img/002335.jpg 586,131,1470,642,2
gdata/img/002336.jpg 33,6,266,272,2
gdata/img/002337.jpg 185,40,522,1019,2
gdata/img/002338.jpg 58,398,364,606,2
gdata/img/002339.jpg 118,14,319,407,2
gdata/img/002340.jpg 4,62,114,346,2 76,37,176,271,2 126,74,227,336,2 188,34,288,270,2
gdata/img/002341.jpg 106,3,576,393,2
gdata/img/002342.jpg 27,13,70,189,2 74,12,115,196,2 117,3,167,196,2
gdata/img/002343.jpg 145,131,310,676,2 261,10,412,563,2 374,118,536,665,2
gdata/img/002344.jpg 131,159,535,1464,2 373,32,745,1335,2
gdata/img/002345.jpg 8,20,791,488,2
gdata/img/002346.jpg 14,161,667,617,2
gdata/img/002348.jpg 101,150,276,199,2
gdata/img/002349.jpg
gdata/img/002350.jpg 55,3,132,166,2
gdata/img/002351.jpg 151,11,316,951,2 367,15,551,944,2
gdata/img/002352.jpg 46,4,98,147,2
gdata/img/002353.jpg 16,18,496,255,2
gdata/img/002354.jpg 18,33,928,2166,2 565,59,1387,2592,2 1198,25,1967,2037,2
gdata/img/002355.jpg
gdata/img/002356.jpg
gdata/img/002357.jpg 83,3,290,386,2
gdata/img/002358.jpg 138,27,217,410,2 199,11,278,439,2
gdata/img/002359.jpg 192,13,575,768,2
gdata/img/002360.jpg 79,29,393,605,2
gdata/img/002361.jpg
gdata/img/002362.jpg 145,54,468,333,2
gdata/img/002363.jpg
gdata/img/002364.jpg 12,8,318,154,2 95,118,320,213,2 64,156,310,312,2
gdata/img/002365.jpg 14,62,771,487,2
gdata/img/002366.jpg 112,271,400,650,2 421,209,809,454,2 425,458,829,699,2
gdata/img/002367.jpg 5,193,245,747,2 259,201,442,761,2 417,240,606,746,2 580,194,793,740,2
gdata/img/002368.jpg 52,37,578,362,2
gdata/img/002369.jpg 19,62,506,752,2 510,91,696,757,2 704,109,974,749,2
gdata/img/002370.jpg
gdata/img/002371.jpg
gdata/img/002372.jpg 129,45,436,473,2 414,236,1000,555,2 548,587,996,972,2 214,469,532,820,2 532,820,542,847,2 4,383,284,740,2
gdata/img/002373.jpg
gdata/img/002374.jpg 3,3,296,228,2
gdata/img/002375.jpg
gdata/img/002376.jpg 7,94,481,407,2 292,6,649,272,2
gdata/img/002377.jpg 55,46,744,665,2
gdata/img/002378.jpg
gdata/img/002379.jpg 8,27,141,84,2
gdata/img/002380.jpg 19,31,148,110,2
gdata/img/002381.jpg 36,16,184,205,2
gdata/img/002382.jpg 16,9,131,100,2
gdata/img/002383.jpg 9,97,65,220,2
gdata/img/002384.jpg 26,10,302,274,2
gdata/img/002385.jpg 3,49,169,159,2
gdata/img/002386.jpg 76,10,300,349,2
gdata/img/002387.jpg 273,38,617,763,2
gdata/img/002388.jpg 135,25,197,279,2 218,61,273,297,2
gdata/img/002389.jpg 97,116,409,716,2 424,113,845,726,2
gdata/img/002390.jpg 162,92,300,247,2 35,18,177,286,2
gdata/img/002391.jpg
gdata/img/002392.jpg
gdata/img/002393.jpg
gdata/img/002394.jpg
gdata/img/002395.jpg
gdata/img/002396.jpg
gdata/img/002397.jpg
gdata/img/002398.jpg
gdata/img/002399.jpg
gdata/img/002400.jpg
gdata/img/002401.jpg
gdata/img/002402.jpg
gdata/img/002403.jpg
gdata/img/002404.jpg
gdata/img/002405.jpg
gdata/img/002406.jpg
gdata/img/002407.jpg
gdata/img/002408.jpg
gdata/img/002409.jpg
gdata/img/002410.jpg
gdata/img/002411.jpg
gdata/img/002412.jpg
gdata/img/002413.jpg
gdata/img/002414.jpg
gdata/img/002415.jpg
gdata/img/002416.jpg
gdata/img/002417.jpg
gdata/img/002418.jpg
gdata/img/002419.jpg
gdata/img/002420.jpg
gdata/img/002421.jpg
gdata/img/002422.jpg 267,40,553,565,2
gdata/img/002423.jpg 300,314,1740,1037,2
gdata/img/002424.jpg
gdata/img/002425.jpg 8,111,147,284,2 151,137,310,305,2
gdata/img/002426.jpg
gdata/img/002427.jpg
gdata/img/002428.jpg
gdata/img/002429.jpg
gdata/img/002430.jpg
gdata/img/002431.jpg
gdata/img/002432.jpg
gdata/img/002433.jpg 33,23,203,207,2
gdata/img/002434.jpg
gdata/img/002435.jpg
gdata/img/002436.jpg
gdata/img/002437.jpg
gdata/img/002438.jpg
gdata/img/002439.jpg
gdata/img/002440.jpg
gdata/img/002441.jpg
gdata/img/002442.jpg
gdata/img/002443.jpg
gdata/img/002444.jpg
gdata/img/002445.jpg
gdata/img/002446.jpg
gdata/img/002447.jpg
gdata/img/002448.jpg
gdata/img/002449.jpg
gdata/img/002450.jpg
gdata/img/002451.jpg
gdata/img/002452.jpg
gdata/img/002453.jpg
gdata/img/002454.jpg
gdata/img/002455.jpg
gdata/img/002456.jpg
gdata/img/002457.jpg
gdata/img/002458.jpg
gdata/img/002459.jpg
gdata/img/002460.jpg
gdata/img/002461.jpg
gdata/img/002462.jpg
gdata/img/002463.jpg
gdata/img/002464.jpg
gdata/img/002465.jpg
gdata/img/002466.jpg
gdata/img/002467.jpg
gdata/img/002468.jpg 126,104,251,188,2
gdata/img/002469.jpg 99,179,544,579,2
gdata/img/002470.jpg
gdata/img/002471.jpg
gdata/img/002472.jpg
gdata/img/002473.jpg
gdata/img/002474.jpg
gdata/img/002475.jpg
gdata/img/002476.jpg
gdata/img/002477.jpg
gdata/img/002478.jpg
gdata/img/002479.jpg 37,10,263,306,2
gdata/img/002480.jpg
gdata/img/002481.jpg 61,20,128,272,2
gdata/img/002482.jpg
gdata/img/002483.jpg
gdata/img/002484.jpg
gdata/img/002485.jpg
gdata/img/002486.jpg
gdata/img/002487.jpg
gdata/img/002488.jpg
gdata/img/002489.jpg
gdata/img/002490.jpg 54,284,841,684,2
gdata/img/002491.jpg 47,25,151,361,2
gdata/img/002492.jpg 176,55,359,628,2 374,6,478,631,2
gdata/img/002493.jpg
gdata/img/002494.jpg 48,138,971,651,2
gdata/img/002496.jpg
gdata/img/002497.jpg
gdata/img/002498.jpg
gdata/img/002499.jpg 283,511,620,999,2
gdata/img/002500.jpg 39,145,465,488,2
gdata/img/002501.jpg 133,387,1482,782,2
gdata/img/002502.jpg 9,96,300,234,2
gdata/img/002503.jpg
gdata/img/002504.jpg
gdata/img/002505.jpg 4,11,191,647,2 202,1,387,658,2 400,6,584,666,2 591,10,762,646,2
gdata/img/002506.jpg
gdata/img/002507.jpg 225,102,612,888,2
gdata/img/002508.jpg 8,62,284,347,2 94,95,379,325,2
gdata/img/002509.jpg 116,76,300,865,2 415,56,602,884,2 725,33,953,880,2 1009,20,1294,901,2
gdata/img/002510.jpg 27,234,614,447,2
gdata/img/002511.jpg
gdata/img/002512.jpg 54,90,679,332,2
gdata/img/002513.jpg 27,47,774,416,2
gdata/img/002514.jpg 23,67,735,979,2
gdata/img/002515.jpg 28,45,1016,592,2
gdata/img/002516.jpg 27,113,614,360,2
gdata/img/002517.jpg 5,124,725,400,2
gdata/img/002518.jpg 68,45,1254,1142,2
gdata/img/002519.jpg 152,69,563,425,2
gdata/img/002520.jpg 105,222,971,585,2
gdata/img/002521.jpg 22,20,686,679,2
gdata/img/002522.jpg 27,26,997,757,2
gdata/img/002523.jpg 282,167,1025,1548,2
gdata/img/002524.jpg 89,24,425,433,2
gdata/img/002525.jpg 41,113,959,637,2
gdata/img/002526.jpg 117,24,625,1017,2
gdata/img/002527.jpg 156,89,592,952,2
gdata/img/002528.jpg 117,145,657,493,2
gdata/img/002529.jpg 23,51,223,434,2 79,25,275,417,2 130,4,275,222,2 177,0,325,199,2
gdata/img/002530.jpg 15,54,561,330,2
gdata/img/002531.jpg 209,111,572,931,2
gdata/img/002532.jpg 52,425,1841,1033,2
gdata/img/002533.jpg 142,98,547,947,2
gdata/img/002534.jpg 41,170,1088,555,2
gdata/img/002535.jpg 205,212,807,316,2 194,313,816,409,2 155,396,984,479,2 122,482,977,605,2
gdata/img/002536.jpg 63,86,537,298,2
gdata/img/002537.jpg 84,247,3044,1564,2
gdata/img/002538.jpg 44,125,686,301,2
gdata/img/002539.jpg 67,14,691,438,2
gdata/img/002540.jpg 161,274,1193,655,2
gdata/img/002541.jpg 67,27,619,397,2
gdata/img/002542.jpg 13,16,178,117,2
gdata/img/002543.jpg
gdata/img/002544.jpg 23,4,134,139,2
gdata/img/002545.jpg
gdata/img/002546.jpg
gdata/img/002547.jpg 9,62,61,142,2 30,17,104,90,2 50,129,145,200,2 120,16,195,92,2 146,77,213,157,2
gdata/img/002548.jpg 230,75,549,360,2
gdata/img/002549.jpg 168,43,307,463,2 339,51,458,453,2 246,475,339,566,2 410,478,531,619,2 540,484,642,608,2 691,506,786,609,2 751,41,850,475,2 578,46,666,476,2 653,28,742,464,2 471,40,555,463,2
gdata/img/002550.jpg 258,202,505,490,2
gdata/img/002551.jpg 7,88,195,287,2 121,20,237,274,2 248,12,302,276,2 318,12,417,277,2 360,77,515,300,2 78,297,439,357,2
gdata/img/002552.jpg 88,106,355,322,2 190,303,398,427,2 169,49,607,336,2
gdata/img/002553.jpg 7,5,138,131,2
gdata/img/002554.jpg 1,15,33,150,2 38,11,75,147,2 81,3,113,150,2 119,4,143,150,2
gdata/img/002555.jpg 9,35,173,90,2
gdata/img/002556.jpg 31,2,296,119,2 35,63,391,181,2 10,170,434,277,2
gdata/img/002557.jpg 23,150,791,280,2
gdata/img/002558.jpg 8,34,374,73,2 0,59,380,105,2 14,108,379,142,2
gdata/img/002559.jpg 49,159,754,285,2
gdata/img/002560.jpg 80,70,964,889,2
gdata/img/002561.jpg 20,227,542,890,2 196,160,870,704,2 282,15,1264,569,2
gdata/img/002562.jpg
gdata/img/002563.jpg 23,319,224,377,2 48,225,200,329,2 127,130,237,294,2 224,32,298,292,2 308,131,472,316,2 320,329,530,366,2
gdata/img/002564.jpg 104,112,418,449,2 171,43,605,351,2
gdata/img/002565.jpg 43,2,614,218,2 115,109,684,316,2 129,129,736,454,2
gdata/img/002566.jpg
gdata/img/002567.jpg 5,2,584,314,2
gdata/img/002568.jpg
gdata/img/002569.jpg 279,63,489,559,2 181,154,389,627,2 386,150,565,622,2
gdata/img/002570.jpg
gdata/img/002571.jpg
gdata/img/002572.jpg 1,8,474,437,2
gdata/img/002573.jpg 376,292,976,541,2 405,6,657,393,2 26,72,398,344,2 11,161,366,539,2
gdata/img/002574.jpg 66,73,1177,784,2
gdata/img/002575.jpg
gdata/img/002576.jpg 23,0,455,353,2
gdata/img/002577.jpg 51,118,407,814,2 271,209,632,927,2
gdata/img/002578.jpg 38,0,301,237,2
gdata/img/002579.jpg
gdata/img/002580.jpg 79,11,522,458,2
gdata/img/002581.jpg 56,9,574,404,2
gdata/img/002582.jpg 9,26,672,634,2
gdata/img/002583.jpg 225,34,945,539,2 119,294,993,781,2 64,557,939,1150,2 968,27,1685,338,2 954,248,1791,581,2 973,552,1876,1160,2
gdata/img/002584.jpg 171,19,958,740,2
gdata/img/002585.jpg 61,8,328,97,2 7,76,289,127,2 4,104,230,383,2 288,52,500,388,2 75,46,275,282,2
gdata/img/002586.jpg
gdata/img/002587.jpg 10,22,634,464,2
gdata/img/002588.jpg 343,185,655,437,2 345,7,652,181,2 4,4,343,180,2 0,188,338,442,2
gdata/img/002589.jpg 33,28,678,626,2
gdata/img/002590.jpg 128,3,596,233,2 54,104,514,339,2 23,241,485,440,2 34,392,510,542,2
gdata/img/002591.jpg 28,54,389,566,2 399,55,737,581,2 769,63,1140,570,2
gdata/img/002592.jpg 401,96,682,215,2
gdata/img/002593.jpg 249,222,387,673,2
gdata/img/002594.jpg 174,167,421,781,2
gdata/img/002595.jpg 146,196,886,454,2
gdata/img/002596.jpg
gdata/img/002597.jpg
gdata/img/002598.jpg 655,369,802,678,2 484,296,633,613,2 382,272,532,563,2
gdata/img/002599.jpg 43,18,123,151,2
gdata/img/002600.jpg 82,56,300,523,2 316,86,462,553,2
gdata/img/002601.jpg 27,62,204,316,2 141,71,404,319,2 110,17,437,203,2
gdata/img/002602.jpg
gdata/img/002603.jpg 149,8,260,369,2
gdata/img/002604.jpg 94,36,288,361,2
gdata/img/002605.jpg 82,18,179,318,2
gdata/img/002606.jpg 22,137,1262,756,2
gdata/img/002607.jpg 61,87,269,754,2 281,19,508,763,2
gdata/img/002608.jpg 284,217,728,515,2
gdata/img/002609.jpg 98,33,511,313,2
gdata/img/002610.jpg 114,6,595,444,2
gdata/img/002611.jpg 22,11,132,127,2
gdata/img/002612.jpg 90,95,310,282,2
gdata/img/002613.jpg 94,29,512,413,2
gdata/img/002614.jpg 1,10,146,133,2
gdata/img/002615.jpg 127,449,346,933,2 271,745,445,995,2 547,1045,810,1293,2 1170,1091,1338,1325,2 1117,1002,1270,1128,2 1219,822,1489,1093,2 1314,1047,1575,1253,2 1487,938,1750,1093,2 784,371,1174,622,2 438,736,841,1140,2 831,645,1246,1050,2 364,443,760,760,2 1255,355,1819,881,2
gdata/img/002616.jpg 138,50,682,548,2
gdata/img/002617.jpg 66,366,1018,746,2 141,187,1003,705,2 266,24,1019,667,2
gdata/img/002618.jpg 349,254,487,375,2
gdata/img/002619.jpg 73,62,607,360,2
gdata/img/002620.jpg 358,239,615,467,2 653,262,829,489,2 513,0,785,147,2 396,139,575,294,2 850,173,1023,400,2 733,20,1003,324,2
gdata/img/002621.jpg 3,119,388,253,2
gdata/img/002622.jpg 23,51,100,136,2 0,35,63,105,2 75,91,118,166,2
gdata/img/002623.jpg
gdata/img/002624.jpg
gdata/img/002625.jpg
gdata/img/002626.jpg
gdata/img/002627.jpg
gdata/img/002628.jpg
gdata/img/002629.jpg
gdata/img/002630.jpg 41,418,854,1256,2 15,126,227,393,2
gdata/img/002631.jpg 328,180,527,287,2
gdata/img/002632.jpg 320,412,670,632,2 96,169,352,540,2 69,544,365,737,2 4,203,140,420,2
gdata/img/002288.jpg 172,9,636,711,2
gdata/img/002289.jpg 256,175,714,470,2
gdata/img/002290.jpg 31,68,432,511,2 78,91,543,632,2 224,146,632,665,2 264,181,721,715,2
gdata/img/002291.jpg 32,128,706,608,2
gdata/img/002292.jpg 313,57,1263,1124,2 664,173,1716,1151,2
gdata/img/002293.jpg 142,23,207,535,2 206,28,257,537,2 264,21,316,530,2 321,26,382,531,2
gdata/img/002294.jpg 43,38,254,732,2 94,107,353,690,2 489,315,589,424,2 600,444,710,514,2 274,555,726,766,2
gdata/img/002295.jpg 26,19,778,381,2
gdata/img/002296.jpg 27,86,204,497,2 113,48,244,492,2 201,30,278,490,2 292,18,325,498,2 334,25,434,497,2
gdata/img/002297.jpg 71,21,385,547,2
gdata/img/002298.jpg 7,28,11,253,2 20,23,35,265,2 43,15,60,260,2 68,19,85,263,2 89,18,101,262,2 104,13,123,259,2 127,20,138,264,2 140,18,153,265,2 155,21,174,266,2 171,15,193,268,2 187,9,215,282,2 205,13,245,277,2 249,13,273,263,2 280,18,309,277,2
gdata/img/002299.jpg 245,273,537,374,2 251,140,548,247,2 249,385,538,476,2 239,495,533,589,2 248,619,536,694,2
gdata/img/002300.jpg 278,143,327,209,2
gdata/img/002301.jpg 61,169,570,314,2 69,18,552,125,2 20,313,635,508,2 20,519,626,674,2 17,709,641,854,2
gdata/img/002302.jpg 20,57,292,555,2 287,34,503,570,2 480,42,795,552,2
gdata/img/002303.jpg 201,16,373,593,2
gdata/img/002304.jpg 131,420,585,659,2 86,156,638,417,2
gdata/img/002305.jpg 33,49,753,592,2
gdata/img/002306.jpg 70,33,596,768,2
gdata/img/002307.jpg 292,183,764,494,2 50,54,277,339,2 43,426,344,719,2 579,493,998,696,2 629,7,983,361,2
gdata/img/002308.jpg 5,61,767,470,2
gdata/img/002309.jpg 62,89,101,148,2
gdata/img/002310.jpg 479,91,693,655,2
gdata/img/002311.jpg 47,143,1189,795,2
gdata/img/002312.jpg 317,332,797,785,2 555,131,1261,772,2
gdata/img/002313.jpg 46,69,94,128,2 61,62,134,107,2 76,24,136,68,2 55,3,98,57,2
gdata/img/002314.jpg 695,33,981,263,2
gdata/img/002315.jpg 147,100,292,607,2
gdata/img/002316.jpg
gdata/img/002317.jpg 76,293,356,532,2 405,107,661,451,2 702,105,799,436,2
gdata/img/002318.jpg
gdata/img/002319.jpg
gdata/img/002320.jpg 314,301,1579,723,2
gdata/img/002321.jpg
gdata/img/002322.jpg 171,167,1177,924,2
gdata/img/002323.jpg 514,114,799,378,2 511,45,583,286,2 169,40,354,272,2
gdata/img/002324.jpg 462,47,638,590,2 267,23,316,611,2 80,50,146,629,2
gdata/img/002325.jpg 278,53,482,272,2 494,171,541,501,2 587,169,669,486,2 243,188,283,528,2 153,165,211,521,2
gdata/img/002326.jpg 10,85,296,571,2 280,30,459,522,2 494,65,623,325,2 701,167,855,520,2 627,103,749,304,2
gdata/img/002327.jpg 265,39,460,581,2 483,43,610,549,2 664,104,806,562,2
gdata/img/002328.jpg 188,116,756,599,2
gdata/img/002329.jpg 7,39,50,127,2 26,22,54,87,2 47,12,71,75,2 74,13,95,138,2 107,15,144,117,2
gdata/img/002330.jpg 392,287,511,516,2 499,370,615,667,2
gdata/img/002331.jpg 233,110,368,460,2 382,104,545,469,2 890,26,1020,469,2 571,105,731,477,2 0,75,151,461,2
gdata/img/002332.jpg
gdata/img/002333.jpg 73,100,326,351,2 425,226,673,463,2
gdata/img/002334.jpg
gdata/img/002335.jpg 586,131,1470,642,2
gdata/img/002336.jpg 33,6,266,272,2
gdata/img/002337.jpg 185,40,522,1019,2
gdata/img/002338.jpg 58,398,364,606,2
gdata/img/002339.jpg 118,14,319,407,2
gdata/img/002340.jpg 4,62,114,346,2 76,37,176,271,2 126,74,227,336,2 188,34,288,270,2
gdata/img/002341.jpg 106,3,576,393,2
gdata/img/002342.jpg 27,13,70,189,2 74,12,115,196,2 117,3,167,196,2
gdata/img/002343.jpg 145,131,310,676,2 261,10,412,563,2 374,118,536,665,2
gdata/img/002344.jpg 131,159,535,1464,2 373,32,745,1335,2
gdata/img/002345.jpg 8,20,791,488,2
gdata/img/002346.jpg 14,161,667,617,2
gdata/img/002348.jpg 101,150,276,199,2
gdata/img/002349.jpg
gdata/img/002350.jpg 55,3,132,166,2
gdata/img/002351.jpg 151,11,316,951,2 367,15,551,944,2
gdata/img/002352.jpg 46,4,98,147,2
gdata/img/002353.jpg 16,18,496,255,2
gdata/img/002354.jpg 18,33,928,2166,2 565,59,1387,2592,2 1198,25,1967,2037,2
gdata/img/002355.jpg
gdata/img/002356.jpg
gdata/img/002357.jpg 83,3,290,386,2
gdata/img/002358.jpg 138,27,217,410,2 199,11,278,439,2
gdata/img/002359.jpg 192,13,575,768,2
gdata/img/002360.jpg 79,29,393,605,2
gdata/img/002361.jpg
gdata/img/002362.jpg 145,54,468,333,2
gdata/img/002363.jpg
gdata/img/002364.jpg 12,8,318,154,2 95,118,320,213,2 64,156,310,312,2
gdata/img/002365.jpg 14,62,771,487,2
gdata/img/002366.jpg 112,271,400,650,2 421,209,809,454,2 425,458,829,699,2
gdata/img/002367.jpg 5,193,245,747,2 259,201,442,761,2 417,240,606,746,2 580,194,793,740,2
gdata/img/002368.jpg 52,37,578,362,2
gdata/img/002369.jpg 19,62,506,752,2 510,91,696,757,2 704,109,974,749,2
gdata/img/002370.jpg
gdata/img/002371.jpg
gdata/img/002372.jpg 129,45,436,473,2 414,236,1000,555,2 548,587,996,972,2 214,469,532,820,2 532,820,542,847,2 4,383,284,740,2
gdata/img/002373.jpg
gdata/img/002374.jpg 3,3,296,228,2
gdata/img/002375.jpg
gdata/img/002376.jpg 7,94,481,407,2 292,6,649,272,2
gdata/img/002377.jpg 55,46,744,665,2
gdata/img/002378.jpg
gdata/img/002379.jpg 8,27,141,84,2
gdata/img/002380.jpg 19,31,148,110,2
gdata/img/002381.jpg 36,16,184,205,2
gdata/img/002382.jpg 16,9,131,100,2
gdata/img/002383.jpg 9,97,65,220,2
gdata/img/002384.jpg 26,10,302,274,2
gdata/img/002385.jpg 3,49,169,159,2
gdata/img/002386.jpg 76,10,300,349,2
gdata/img/002387.jpg 273,38,617,763,2
gdata/img/002388.jpg 135,25,197,279,2 218,61,273,297,2
gdata/img/002389.jpg 97,116,409,716,2 424,113,845,726,2
gdata/img/002390.jpg 162,92,300,247,2 35,18,177,286,2
gdata/img/002391.jpg
gdata/img/002392.jpg
gdata/img/002393.jpg
gdata/img/002394.jpg
gdata/img/002395.jpg
gdata/img/002396.jpg
gdata/img/002397.jpg
gdata/img/002398.jpg
gdata/img/002399.jpg
gdata/img/002400.jpg
gdata/img/002401.jpg
gdata/img/002402.jpg
gdata/img/002403.jpg
gdata/img/002404.jpg
gdata/img/002405.jpg
gdata/img/002406.jpg
gdata/img/002407.jpg
gdata/img/002408.jpg
gdata/img/002409.jpg
gdata/img/002410.jpg
gdata/img/002411.jpg
gdata/img/002412.jpg
gdata/img/002413.jpg
gdata/img/002414.jpg
gdata/img/002415.jpg
gdata/img/002416.jpg
gdata/img/002417.jpg
gdata/img/002418.jpg
gdata/img/002419.jpg
gdata/img/002420.jpg
gdata/img/002421.jpg
gdata/img/002422.jpg 267,40,553,565,2
gdata/img/002423.jpg 300,314,1740,1037,2
gdata/img/002424.jpg
gdata/img/002425.jpg 8,111,147,284,2 151,137,310,305,2
gdata/img/002426.jpg
gdata/img/002427.jpg
gdata/img/002428.jpg
gdata/img/002429.jpg
gdata/img/002430.jpg
gdata/img/002431.jpg
gdata/img/002432.jpg
gdata/img/002433.jpg 33,23,203,207,2
gdata/img/002434.jpg
gdata/img/002435.jpg
gdata/img/002436.jpg
gdata/img/002437.jpg
gdata/img/002438.jpg
gdata/img/002439.jpg
gdata/img/002440.jpg
gdata/img/002441.jpg
gdata/img/002442.jpg
gdata/img/002443.jpg
gdata/img/002444.jpg
gdata/img/002445.jpg
gdata/img/002446.jpg
gdata/img/002447.jpg
gdata/img/002448.jpg
gdata/img/002449.jpg
gdata/img/002450.jpg
gdata/img/002451.jpg
gdata/img/002452.jpg
gdata/img/002453.jpg
gdata/img/002454.jpg
gdata/img/002455.jpg
gdata/img/002456.jpg
gdata/img/002457.jpg
gdata/img/002458.jpg
gdata/img/002459.jpg
gdata/img/002460.jpg
gdata/img/002461.jpg
gdata/img/002462.jpg
gdata/img/002463.jpg
gdata/img/002464.jpg
gdata/img/002465.jpg
gdata/img/002466.jpg
gdata/img/002467.jpg
gdata/img/002468.jpg 126,104,251,188,2
gdata/img/002469.jpg 99,179,544,579,2
gdata/img/002470.jpg
gdata/img/002471.jpg
gdata/img/002472.jpg
gdata/img/002473.jpg
gdata/img/002474.jpg
gdata/img/002475.jpg
gdata/img/002476.jpg
gdata/img/002477.jpg
gdata/img/002478.jpg
gdata/img/002479.jpg 37,10,263,306,2
gdata/img/002480.jpg
gdata/img/002481.jpg 61,20,128,272,2
gdata/img/002482.jpg
gdata/img/002483.jpg
gdata/img/002484.jpg
gdata/img/002485.jpg
gdata/img/002486.jpg
gdata/img/002487.jpg
gdata/img/002488.jpg
gdata/img/002489.jpg
gdata/img/002490.jpg 54,284,841,684,2
gdata/img/002491.jpg 47,25,151,361,2
gdata/img/002492.jpg 176,55,359,628,2 374,6,478,631,2
gdata/img/002493.jpg
gdata/img/002494.jpg 48,138,971,651,2
gdata/img/002496.jpg
gdata/img/002497.jpg
gdata/img/002498.jpg
gdata/img/002499.jpg 283,511,620,999,2
gdata/img/002500.jpg 39,145,465,488,2
gdata/img/002501.jpg 133,387,1482,782,2
gdata/img/002502.jpg 9,96,300,234,2
gdata/img/002503.jpg
gdata/img/002504.jpg
gdata/img/002505.jpg 4,11,191,647,2 202,1,387,658,2 400,6,584,666,2 591,10,762,646,2
gdata/img/002506.jpg
gdata/img/002507.jpg 225,102,612,888,2
gdata/img/002508.jpg 8,62,284,347,2 94,95,379,325,2
gdata/img/002509.jpg 116,76,300,865,2 415,56,602,884,2 725,33,953,880,2 1009,20,1294,901,2
gdata/img/002510.jpg 27,234,614,447,2
gdata/img/002511.jpg
gdata/img/002512.jpg 54,90,679,332,2
gdata/img/002513.jpg 27,47,774,416,2
gdata/img/002514.jpg 23,67,735,979,2
gdata/img/002515.jpg 28,45,1016,592,2
gdata/img/002516.jpg 27,113,614,360,2
gdata/img/002517.jpg 5,124,725,400,2
gdata/img/002518.jpg 68,45,1254,1142,2
gdata/img/002519.jpg 152,69,563,425,2
gdata/img/002520.jpg 105,222,971,585,2
gdata/img/002521.jpg 22,20,686,679,2
gdata/img/002522.jpg 27,26,997,757,2
gdata/img/002523.jpg 282,167,1025,1548,2
gdata/img/002524.jpg 89,24,425,433,2
gdata/img/002525.jpg 41,113,959,637,2
gdata/img/002526.jpg 117,24,625,1017,2
gdata/img/002527.jpg 156,89,592,952,2
gdata/img/002528.jpg 117,145,657,493,2
gdata/img/002529.jpg 23,51,223,434,2 79,25,275,417,2 130,4,275,222,2 177,0,325,199,2
gdata/img/002530.jpg 15,54,561,330,2
gdata/img/002531.jpg 209,111,572,931,2
gdata/img/002532.jpg 52,425,1841,1033,2
gdata/img/002533.jpg 142,98,547,947,2
gdata/img/002534.jpg 41,170,1088,555,2
gdata/img/002535.jpg 205,212,807,316,2 194,313,816,409,2 155,396,984,479,2 122,482,977,605,2
gdata/img/002536.jpg 63,86,537,298,2
gdata/img/002537.jpg 84,247,3044,1564,2
gdata/img/002538.jpg 44,125,686,301,2
gdata/img/002539.jpg 67,14,691,438,2
gdata/img/002540.jpg 161,274,1193,655,2
gdata/img/002541.jpg 67,27,619,397,2
gdata/img/002542.jpg 13,16,178,117,2
gdata/img/002543.jpg
gdata/img/002544.jpg 23,4,134,139,2
gdata/img/002545.jpg
gdata/img/002546.jpg
gdata/img/002547.jpg 9,62,61,142,2 30,17,104,90,2 50,129,145,200,2 120,16,195,92,2 146,77,213,157,2
gdata/img/002548.jpg 230,75,549,360,2
gdata/img/002549.jpg 168,43,307,463,2 339,51,458,453,2 246,475,339,566,2 410,478,531,619,2 540,484,642,608,2 691,506,786,609,2 751,41,850,475,2 578,46,666,476,2 653,28,742,464,2 471,40,555,463,2
gdata/img/002550.jpg 258,202,505,490,2
gdata/img/002551.jpg 7,88,195,287,2 121,20,237,274,2 248,12,302,276,2 318,12,417,277,2 360,77,515,300,2 78,297,439,357,2
gdata/img/002552.jpg 88,106,355,322,2 190,303,398,427,2 169,49,607,336,2
gdata/img/002553.jpg 7,5,138,131,2
gdata/img/002554.jpg 1,15,33,150,2 38,11,75,147,2 81,3,113,150,2 119,4,143,150,2
gdata/img/002555.jpg 9,35,173,90,2
gdata/img/002556.jpg 31,2,296,119,2 35,63,391,181,2 10,170,434,277,2
gdata/img/002557.jpg 23,150,791,280,2
gdata/img/002558.jpg 8,34,374,73,2 0,59,380,105,2 14,108,379,142,2
gdata/img/002559.jpg 49,159,754,285,2
gdata/img/002560.jpg 80,70,964,889,2
gdata/img/002561.jpg 20,227,542,890,2 196,160,870,704,2 282,15,1264,569,2
gdata/img/002562.jpg
gdata/img/002563.jpg 23,319,224,377,2 48,225,200,329,2 127,130,237,294,2 224,32,298,292,2 308,131,472,316,2 320,329,530,366,2
gdata/img/002564.jpg 104,112,418,449,2 171,43,605,351,2
gdata/img/002565.jpg 43,2,614,218,2 115,109,684,316,2 129,129,736,454,2
gdata/img/002566.jpg
gdata/img/002567.jpg 5,2,584,314,2
gdata/img/002568.jpg
gdata/img/002569.jpg 279,63,489,559,2 181,154,389,627,2 386,150,565,622,2
gdata/img/002570.jpg
gdata/img/002571.jpg
gdata/img/002572.jpg 1,8,474,437,2
gdata/img/002573.jpg 376,292,976,541,2 405,6,657,393,2 26,72,398,344,2 11,161,366,539,2
gdata/img/002574.jpg 66,73,1177,784,2
gdata/img/002575.jpg
gdata/img/002576.jpg 23,0,455,353,2
gdata/img/002577.jpg 51,118,407,814,2 271,209,632,927,2
gdata/img/002578.jpg 38,0,301,237,2
gdata/img/002579.jpg
gdata/img/002580.jpg 79,11,522,458,2
gdata/img/002581.jpg 56,9,574,404,2
gdata/img/002582.jpg 9,26,672,634,2
gdata/img/002583.jpg 225,34,945,539,2 119,294,993,781,2 64,557,939,1150,2 968,27,1685,338,2 954,248,1791,581,2 973,552,1876,1160,2
gdata/img/002584.jpg 171,19,958,740,2
gdata/img/002585.jpg 61,8,328,97,2 7,76,289,127,2 4,104,230,383,2 288,52,500,388,2 75,46,275,282,2
gdata/img/002586.jpg
gdata/img/002587.jpg 10,22,634,464,2
gdata/img/002588.jpg 343,185,655,437,2 345,7,652,181,2 4,4,343,180,2 0,188,338,442,2
gdata/img/002589.jpg 33,28,678,626,2
gdata/img/002590.jpg 128,3,596,233,2 54,104,514,339,2 23,241,485,440,2 34,392,510,542,2
gdata/img/002591.jpg 28,54,389,566,2 399,55,737,581,2 769,63,1140,570,2
gdata/img/002592.jpg 401,96,682,215,2
gdata/img/002593.jpg 249,222,387,673,2
gdata/img/002594.jpg 174,167,421,781,2
gdata/img/002595.jpg 146,196,886,454,2
gdata/img/002596.jpg
gdata/img/002597.jpg
gdata/img/002598.jpg 655,369,802,678,2 484,296,633,613,2 382,272,532,563,2
gdata/img/002599.jpg 43,18,123,151,2
gdata/img/002600.jpg 82,56,300,523,2 316,86,462,553,2
gdata/img/002601.jpg 27,62,204,316,2 141,71,404,319,2 110,17,437,203,2
gdata/img/002602.jpg
gdata/img/002603.jpg 149,8,260,369,2
gdata/img/002604.jpg 94,36,288,361,2
gdata/img/002605.jpg 82,18,179,318,2
gdata/img/002606.jpg 22,137,1262,756,2
gdata/img/002607.jpg 61,87,269,754,2 281,19,508,763,2
gdata/img/002608.jpg 284,217,728,515,2
gdata/img/002609.jpg 98,33,511,313,2
gdata/img/002610.jpg 114,6,595,444,2
gdata/img/002611.jpg 22,11,132,127,2
gdata/img/002612.jpg 90,95,310,282,2
gdata/img/002613.jpg 94,29,512,413,2
gdata/img/002614.jpg 1,10,146,133,2
gdata/img/002615.jpg 127,449,346,933,2 271,745,445,995,2 547,1045,810,1293,2 1170,1091,1338,1325,2 1117,1002,1270,1128,2 1219,822,1489,1093,2 1314,1047,1575,1253,2 1487,938,1750,1093,2 784,371,1174,622,2 438,736,841,1140,2 831,645,1246,1050,2 364,443,760,760,2 1255,355,1819,881,2
gdata/img/002616.jpg 138,50,682,548,2
gdata/img/002617.jpg 66,366,1018,746,2 141,187,1003,705,2 266,24,1019,667,2
gdata/img/002618.jpg 349,254,487,375,2
gdata/img/002619.jpg 73,62,607,360,2
gdata/img/002620.jpg 358,239,615,467,2 653,262,829,489,2 513,0,785,147,2 396,139,575,294,2 850,173,1023,400,2 733,20,1003,324,2
gdata/img/002621.jpg 3,119,388,253,2
gdata/img/002622.jpg 23,51,100,136,2 0,35,63,105,2 75,91,118,166,2
gdata/img/002623.jpg
gdata/img/002624.jpg
gdata/img/002625.jpg
gdata/img/002626.jpg
gdata/img/002627.jpg
gdata/img/002628.jpg
gdata/img/002629.jpg
gdata/img/002630.jpg 41,418,854,1256,2 15,126,227,393,2
gdata/img/002631.jpg 328,180,527,287,2
gdata/img/002632.jpg 320,412,670,632,2 96,169,352,540,2 69,544,365,737,2 4,203,140,420,2
